# Created by Octave 4.2.2, Mon Jan 27 11:14:16 2020 CST <cyborx@ospcx>
# name: con
# type: matrix
# rows: 3
# columns: 406
 1 1 1 1 1 2 2 2 2 2 2 2 3 3 3 3 3 3 3 4 4 4 4 4 4 4 5 5 5 5 5 5 6 6 6 7 7 7 7 7 8 8 8 8 8 8 9 9 9 9 9 10 10 10 10 10 11 11 11 11 11 12 12 12 13 13 13 13 13 14 14 14 14 14 15 15 15 15 16 16 16 16 17 17 17 17 18 18 18 19 19 19 19 19 20 20 20 20 20 21 21 21 21 22 22 22 22 23 23 23 23 24 24 24 25 25 25 25 25 26 26 26 26 26 27 27 27 27 28 28 28 28 29 29 29 29 30 30 30 31 31 31 31 31 32 32 32 32 32 33 33 33 33 34 34 34 34 35 35 35 35 36 36 36 37 37 37 37 37 38 38 38 38 38 39 39 39 39 40 40 40 40 41 41 41 41 42 42 42 43 43 43 43 43 44 44 44 44 44 45 45 45 45 46 46 46 46 47 47 47 47 48 48 48 49 49 49 49 49 50 50 50 50 50 51 51 51 51 52 52 52 52 53 53 53 53 54 54 54 55 55 55 55 55 56 56 56 56 56 57 57 57 57 58 58 58 58 59 59 59 59 60 60 60 61 61 61 61 62 62 62 62 62 63 63 63 63 64 64 64 64 65 65 65 65 66 66 67 67 67 67 68 68 68 68 69 69 69 69 70 70 70 70 71 71 71 72 73 73 73 73 73 74 74 74 74 75 75 75 75 75 76 76 76 76 76 76 77 77 77 77 77 78 78 78 78 78 79 79 79 79 79 80 80 80 81 81 81 81 81 81 82 82 82 82 82 82 83 83 83 83 84 84 84 84 85 85 85 85 85 86 86 86 86 87 87 87 87 88 88 88 88 88 89 89 89 89 90 90 90 90 91 91 91 91 92 92 93 93 94 94 95 95 96 96 97
 2 7 8 3 13 3 8 7 9 4 14 13 4 9 8 10 5 15 7 5 10 9 11 6 16 12 6 11 10 12 17 18 12 11 18 8 13 14 9 19 9 14 13 15 10 20 10 15 14 16 11 11 16 15 17 12 12 17 16 18 23 18 17 24 14 19 20 15 25 15 20 19 21 16 16 21 20 22 17 22 21 23 18 23 22 24 24 23 30 20 25 26 21 31 21 26 25 27 22 22 27 26 28 23 28 27 29 24 29 28 30 30 29 36 26 31 32 27 37 27 32 31 33 28 28 33 32 34 29 34 33 35 30 35 34 36 36 35 42 32 37 38 33 43 33 38 37 39 34 34 39 38 40 35 40 39 41 36 41 40 42 42 41 48 38 43 44 39 49 39 44 43 45 40 40 45 44 46 41 46 45 47 42 47 46 48 48 47 54 44 49 50 45 55 45 50 49 51 46 46 51 50 52 47 52 51 53 48 53 52 54 54 53 60 50 55 56 51 61 51 56 55 57 52 52 57 56 58 53 58 57 59 54 59 58 60 60 59 66 56 61 62 57 67 57 62 61 63 58 58 63 62 64 59 64 63 65 60 65 64 66 66 65 72 62 67 68 63 63 68 67 69 64 64 69 68 70 65 70 69 71 66 71 70 72 72 71 68 69 75 76 69 73 70 76 70 73 74 71 71 74 73 72 72 74 79 80 74 77 76 78 83 78 77 79 84 76 81 82 77 87 77 82 81 83 78 88 78 83 82 84 79 79 84 83 85 80 80 85 84 86 91 86 85 92 82 87 88 83 93 94 83 88 87 89 84 94 84 89 88 90 85 90 89 91 86 91 90 92 97 92 91 98 97 88 93 94 89 89 94 93 95 90 90 95 94 96 91 96 95 97 92 97 96 98 98 97 94 95 95 96 96 97 97 98 98
 25.8728919876245 25.81879441176658 20.60920922710018 11.97460433459862 11.99495536508404 15.38243751203892 27.83074223846575 30.77226174707519 13.4840926971956 2.331233126769737 12.68233782098572 13.84808387866746 5.453188606433554 22.67887226807708 17.23543522824042 6.77843443296933 2.154824447512295 9.434205037968589 13.70874301850573 13.733356648067 23.16825955163281 6.742970804380223 15.24233681234313 10.87068809513152 10.0799894057471 12.18135675949898 26.05692150023344 29.11006954242895 11.81767743192565 30.3475073656285 15.37243620705355 15.39104786037341 26.09478728779868 21.32820541871691 13.95025641546249 28.02769328542045 15.59792751426133 14.2430314450046 11.82459859540257 3.581821068754739 14.67812935930031 15.70843894371767 17.58635882858232 12.27817384774829 3.357759019871418 4.148449624513019 8.219085855269462 13.03756086374688 13.09749367009336 8.872226660597159 2.981080069011876 12.84509719828812 13.74127618910722 6.334599863352433 10.78936858906629 10.07932346854496 27.48254268063787 17.87520258540508 8.683250932789653 16.96190570408769 4.919635048985606 17.48067121919312 17.20119380519378 4.442821302937123 22.0744933554744 7.146147377307958 8.175616176210346 10.96909698955641 2.522161227101263 16.46308581819919 8.660920688174661 7.652370161631548 6.736941994508813 4.980280274201447 8.39526229826328 6.912196222519816 9.04985232123189 5.564014612943796 7.764402905753732 6.553576243240035 4.757137262380205 5.560765422832056 21.61915367533071 9.359356147357461 3.90132468024574 7.765859062235728 8.241767112191384 8.217168460230265 3.141199415783123 20.43567195739978 9.558561204079181 9.64308309668157 11.74566327783841 4.5872658689983 17.80436634516641 8.707797012490225 8.690447908032633 8.550190211100826 7.277622936826591 10.78925143323588 8.977977098445793 9.50565305425695 7.155938301788368 6.616722347867962 8.751236721954863 6.975961671942009 4.849202991603772 17.72080343629712 9.321736495859673 4.370135034358948 8.745934393152446 11.40742626415532 9.849251276856464 6.34732744998538 20.55204869881351 10.46326928700033 10.35332763040133 12.08576474451882 4.651326482071189 18.79056759208471 9.974636965521405 10.13717661029062 10.00881908962027 8.082799026466217 11.38761615358853 9.173636553446174 9.824375374204203 7.17127962338075 6.779692353234189 8.928359220264211 7.119063469910911 4.882385321418623 18.09439846896938 11.20142795502831 5.025486380795344 10.54215349321771 12.7587933008198 10.92800462426317 6.438675239640395 20.73405282559237 10.17236971801563 10.01512015967149 12.22256357850395 4.586245776194033 18.8883564368118 9.789555664071576 9.990791538420236 9.720148532719694 7.952403815957421 11.22795559676668 8.999174974363536 9.708718576715114 7.046313770798152 6.818755106701144 8.817722100940081 7.049354086696095 4.965544400734603 18.3613897433226 10.99273283582912 4.956692631075583 10.45691415242574 12.36061474869965 10.5029802569941 6.29989885524318 20.70690670486913 10.15676811628298 9.967709029073532 12.19321334500918 4.555761422590891 18.86152318621812 9.769274430144369 10.00267044327076 9.693007048425468 7.94029076872523 11.20751609437777 8.997197666611013 9.714780843162519 7.041030011557286 6.82075891348233 8.811922158899858 7.048660740723175 4.961322372853183 18.31593503031806 10.94490457252807 4.951897935775817 10.47301435231918 12.32257585340828 10.40152817506183 6.227320728816637 20.70093042135078 10.03654934495678 9.913880746958922 12.18415098885082 4.106022757890132 18.86515495306207 9.760764262388394 9.92935033628188 9.697709860342218 7.95102980054957 11.21555390791741 9.014934576351322 9.724640383095887 7.051175725121611 6.831477575295287 8.840548192834666 7.071600163656189 4.973789467364274 18.28764122731571 10.90707922215771 4.954207432086927 10.30446880179085 12.08963204411661 10.2902632064312 5.39686959668798 20.55615837047581 9.561192877115831 9.671820385505121 12.11734904639019 4.405090023284881 18.83517184639159 9.422677196583962 9.362703834172757 9.525247175464788 7.961388270245189 11.21409652597056 8.816158215604002 9.274393233916795 6.959905226776922 6.799731408532187 8.677304638931762 6.892839612960258 4.694368817322175 18.16589700299005 10.38599764231863 4.857422931742481 9.463771080615151 11.37744508348949 9.997664047315066 6.167746717573939 20.74101238896663 11.33591883733145 10.30004151395939 12.00088643632746 6.717903378091628 18.52503481223733 9.945403983417672 11.03183573312773 9.44484725293227 7.663334199894949 11.0507646732851 8.510266860853768 9.068431126660585 6.056796321170514 6.584150823655976 7.798279853448738 6.834748896137126 4.383917610275886 18.99618840415223 11.21973779673023 4.732958225792967 12.60282577443491 14.45328531886578 10.96313284325658 9.08515005614629 22.89638391473841 18.88601468440786 14.05392977126158 12.46519014582323 18.03053528668174 17.650388661897 19.72036337854648 10.00292440635353 6.228309228402597 11.22231641503917 12.82737284776763 15.53659681217202 7.439333990078314 7.641763308009891 13.64885813803941 11.69396173881503 9.886842417175627 19.62237194697432 14.68207894357586 6.483407243171673 22.58249354245298 18.72416552786026 10.27737918199239 16.19671360654106 6.946392932351426 0.1668240890951731 0.2507254141221658 13.25831144163908 2.867273181907083 7.47764957156269 0.5132545431799576 16.6265438096398 4.130144304633173 4.152586615778877 7.618794650795612 11.84565216501987 4.308557385016489 4.378164789555683 4.723100130324339 12.88478641565556 3.018778701144848 0.5184721780407504 0.09232670064382109 